1685784154693 0.08 500
1685784201066 0.17 1000
1685784247173 0.25 1500
1685784293891 0.34 2000
1685784340263 0.42 2500
1685784386623 0.5 3000
1685784433209 0.59 3500
1685784479512 0.67 4000
1685784525986 0.75 4500
1685784573105 0.84 5000
1685784619905 0.92 5500
1685784943985 1.0 5965
1685784947225 1.01 6000
1685784994098 1.09 6500
1685785041276 1.17 7000
1685785087767 1.26 7500
1685785134709 1.34 8000
1685785181812 1.42 8500
1685785228261 1.51 9000
1685785275489 1.59 9500
1685785323391 1.68 10000
1685785370196 1.76 10500
1685785417300 1.84 11000
1685785464028 1.93 11500
1685785789547 2.0 11930
1685785789550 2.0 11930
