1685784154693 5.365297569153395e-05 500
1685784201066 5.130595138306789e-05 1000
1685784247173 4.895892707460185e-05 1500
1685784293891 4.661190276613579e-05 2000
1685784340263 4.426487845766974e-05 2500
1685784386623 4.191785414920368e-05 3000
1685784433209 3.957082984073763e-05 3500
1685784479512 3.722380553227159e-05 4000
1685784525986 3.487678122380553e-05 4500
1685784573105 3.252975691533948e-05 5000
1685784619905 3.0182732606873424e-05 5500
1685784947225 2.7835708298407377e-05 6000
1685784994098 2.5488683989941323e-05 6500
1685785041276 2.3141659681475272e-05 7000
1685785087767 2.079463537300922e-05 7500
1685785134709 1.8447611064543168e-05 8000
1685785181812 1.6100586756077118e-05 8500
1685785228261 1.3753562447611064e-05 9000
1685785275489 1.1406538139145012e-05 9500
1685785323391 9.059513830678961e-06 10000
1685785370196 6.712489522212909e-06 10500
1685785417300 4.365465213746856e-06 11000
1685785464028 2.0184409052808046e-06 11500
