1685784154693 3.7484 500
1685784201066 3.1281 1000
1685784247173 3.021 1500
1685784293891 2.9304 2000
1685784340263 2.8867 2500
1685784386623 2.844 3000
1685784433209 2.7904 3500
1685784479512 2.7721 4000
1685784525986 2.7145 4500
1685784573105 2.6805 5000
1685784619905 2.7049 5500
1685784947225 2.6789 6000
1685784994098 2.5287 6500
1685785041276 2.502 7000
1685785087767 2.5146 7500
1685785134709 2.4879 8000
1685785181812 2.4743 8500
1685785228261 2.4702 9000
1685785275489 2.4807 9500
1685785323391 2.4347 10000
1685785370196 2.4504 10500
1685785417300 2.4915 11000
1685785464028 2.4412 11500
