1685786041393 0.08 500
1685786088980 0.17 1000
1685786136196 0.25 1500
1685786185069 0.34 2000
1685786233699 0.42 2500
1685786282343 0.5 3000
1685786330365 0.59 3500
1685786378190 0.67 4000
1685786426003 0.75 4500
1685786473745 0.84 5000
1685786521171 0.92 5500
1685786845435 1.0 5965
1685786848560 1.01 6000
1685786896269 1.09 6500
1685786944654 1.17 7000
1685786993257 1.26 7500
1685787042008 1.34 8000
1685787089632 1.42 8500
1685787136925 1.51 9000
1685787184825 1.59 9500
1685787232346 1.68 10000
1685787279852 1.76 10500
1685787328242 1.84 11000
1685787375996 1.93 11500
1685787692583 2.0 11930
1685787692586 2.0 11930
