1685786041393 2.3775 500
1685786088980 2.3516 1000
1685786136196 2.3957 1500
1685786185069 2.3747 2000
1685786233699 2.3941 2500
1685786282343 2.4017 3000
1685786330365 2.3643 3500
1685786378190 2.3541 4000
1685786426003 2.3853 4500
1685786473745 2.4126 5000
1685786521171 2.3964 5500
1685786848560 2.3695 6000
1685786896269 2.3983 6500
1685786944654 2.3917 7000
1685786993257 2.4065 7500
1685787042008 2.4005 8000
1685787089632 2.377 8500
1685787136925 2.3727 9000
1685787184825 2.3663 9500
1685787232346 2.3635 10000
1685787279852 2.3841 10500
1685787328242 2.3749 11000
1685787375996 2.3782 11500
